-7595.549607 3775.616113 0.000000 -109.516133 -208.219836 0.000000 78.992031 0.000000 78.992031 -474.527978 308.181969 39.855288
-8386.645639 1575.731306 0.000000 -47.813105 -228.898948 0.000000 92.058828 0.000000 92.058828 -478.212192 320.192484 49.807532
-8541.989143 -743.929309 0.000000 16.838592 -232.089765 0.000000 -105.905365 0.000000 -105.905365 463.734002 124.594692 -35.858714
-8055.742037 -3007.938763 0.000000 79.739644 -217.879743 0.000000 -84.790288 0.000000 -84.790288 473.912329 143.807794 -51.983012
-6967.795053 -5047.385878 0.000000 136.476238 -187.460556 0.000000 -74.896659 0.000000 -74.896659 456.697578 157.663316 -57.913486
-5360.034912 -6710.241661 0.000000 183.087353 -142.998059 0.000000 -66.125732 0.000000 -66.125732 430.571223 173.589310 -61.508687
-3351.095345 -7870.589622 0.000000 216.209619 -87.534899 0.000000 -57.682713 0.000000 -57.682713 396.374521 191.511606 -62.865229
-1089.568889 -8436.980463 0.000000 233.246621 -24.906906 0.000000 -49.364532 0.000000 -49.364532 354.610248 209.382375 -61.879143
1254.706813 -8359.831198 0.000000 232.585740 40.373932 0.000000 -41.095107 0.000000 -41.095107 305.849197 224.977045 -58.829046
3501.724317 -7637.237125 0.000000 213.847330 103.329722 0.000000 -32.841761 0.000000 -32.841761 250.828508 237.478993 -54.253361
5474.799174 -6318.005465 0.000000 178.105173 158.867109 0.000000 -24.592022 0.000000 -24.592022 190.506254 247.241093 -48.660434
7015.726842 -4500.452773 0.000000 127.981229 202.268635 0.000000 -16.344870 0.000000 -16.344870 126.079644 254.949388 -42.414998
7999.845645 -2325.849292 0.000000 67.519256 229.753853 0.000000 -8.106080 0.000000 -8.106080 58.955739 261.210677 -35.755712
8348.535269 33.550412 0.000000 1.799593 238.975495 0.000000 0.115256 0.000000 0.115256 -9.326065 266.473482 -28.837825
8036.776913 2390.499490 0.000000 -63.644956 229.307315 0.000000 8.309752 0.000000 8.309752 -77.202299 271.055686 -21.764893
7094.452871 4560.220975 0.000000 -123.469607 201.845907 0.000000 16.470251 0.000000 16.470251 -143.193669 275.185810 -14.607755
5601.628090 6376.533558 0.000000 -173.057839 159.154774 0.000000 24.593663 0.000000 24.593663 -205.983576 279.035964 -7.415533
3679.370078 7704.569978 0.000000 -208.864827 104.860692 0.000000 32.682061 0.000000 32.682061 -264.451393 282.745539 -0.222442
1478.183564 8449.259759 0.000000 -228.556610 43.229276 0.000000 40.743254 0.000000 40.743254 -317.662683 286.438892 6.947415
-834.153813 8559.851433 0.000000 -231.003618 -21.193114 0.000000 48.791427 0.000000 48.791427 -364.830398 290.240599 14.076316
-3084.296351 8031.323296 0.000000 -216.207970 -83.843715 0.000000 56.849214 0.000000 56.849214 -405.264272 294.292172 21.150279
-5104.253115 6903.544866 0.000000 -185.227757 -140.335289 0.000000 64.955221 0.000000 64.955221 -438.322012 298.777029 28.159476
-6741.676067 5258.690662 0.000000 -140.127488 -186.622413 0.000000 73.193693 0.000000 73.193693 -463.364424 303.975055 35.112296
-7869.762963 3216.908114 0.000000 -83.946216 -219.191825 0.000000 81.858051 0.000000 81.858051 -479.645960 310.477423 42.138719
-8396.768010 929.812281 0.000000 -20.641705 -235.309831 0.000000 94.107249 0.000000 94.107249 -483.525499 322.504170 51.234636
-8274.575644 -1428.789830 0.000000 45.052323 -233.324916 0.000000 -87.778547 0.000000 -87.778547 486.016435 140.370958 -49.922478
-7505.149777 -3675.288801 0.000000 107.916514 -212.975178 0.000000 -77.350629 0.000000 -77.350629 474.637087 153.835449 -56.595322
-6143.221508 -5631.371878 0.000000 162.706400 -175.604074 0.000000 -68.777776 0.000000 -68.777776 453.242500 168.415341 -60.629349
-4293.691504 -7140.351244 0.000000 204.733826 -124.173696 0.000000 -60.521327 0.000000 -60.521327 422.534626 185.320797 -62.669301
-2103.110498 -8082.298498 0.000000 230.444508 -63.008420 0.000000 -52.388068 0.000000 -52.388068 383.200094 203.037315 -62.501163
253.946405 -8385.336839 0.000000 237.837598 2.703707 0.000000 -44.329437 0.000000 -44.329437 336.215373 219.230678 -60.236465
2591.427483 -8031.218216 0.000000 226.620303 67.529525 0.000000 -36.329403 0.000000 -36.329403 282.759609 232.564893 -56.337935
4728.501903 -7054.780858 0.000000 198.091028 126.371140 0.000000 -28.379881 0.000000 -28.379881 224.107348 243.055604 -51.328164
6504.061632 -5538.313462 0.000000 154.836309 174.891171 0.000000 -20.473174 0.000000 -20.473174 161.536678 251.305409 -45.605952
7787.764768 -3602.621551 0.000000 100.361595 209.748262 0.000000 -12.599574 0.000000 -12.599574 96.271940 257.943433 -39.429448
8487.476134 -1396.552837 0.000000 38.751819 228.679996 0.000000 -4.747051 0.000000 -4.747051 29.465341 263.459329 -32.955934
8553.665345 913.831615 0.000000 -25.595054 230.502985 0.000000 3.098122 0.000000 3.098122 -37.789199 268.204642 -26.279930
7981.493452 3155.952711 0.000000 -88.168323 215.095072 0.000000 10.950303 0.000000 10.950303 -104.421855 272.430345 -19.458958
6811.073153 5161.313495 0.000000 -144.517583 183.397592 0.000000 18.823300 0.000000 18.823300 -169.345585 276.321414 -12.529682
5125.925073 6776.247458 0.000000 -190.448761 137.439978 0.000000 26.729294 0.000000 26.729294 -231.420944 280.022386 -5.518080
3049.175877 7872.896524 0.000000 -222.284852 80.352639 0.000000 34.678150 0.000000 34.678150 -289.440192 283.655921 1.554002
736.757097 8360.004178 0.000000 -237.203491 16.304960 0.000000 42.677608 0.000000 42.677608 -342.142571 287.337577 8.664694
-1633.027093 8192.409612 0.000000 -233.614762 -49.703490 0.000000 50.735351 0.000000 50.735351 -388.267630 291.190137 15.790133
-3873.550985 7377.512214 0.000000 -211.488155 -112.242880 0.000000 58.865568 0.000000 58.865568 -426.642237 295.362241 22.905792
-5806.428392 5976.845452 0.000000 -172.507618 -166.020061 0.000000 67.109329 0.000000 67.109329 -456.279516 300.063260 29.997078
-7278.343949 4101.567824 0.000000 -119.960666 -206.504140 0.000000 75.618973 0.000000 75.618973 -476.436695 305.670109 37.114142
-8175.371126 1902.059150 0.000000 -58.354596 -230.453278 0.000000 85.352331 0.000000 85.352331 -486.235515 313.508097 44.855438
-8432.453866 -446.679741 0.000000 7.144088 -236.211651 0.000000 -102.918347 0.000000 -102.918347 476.485819 126.735951 -38.309362
-8037.029010 -2761.233940 0.000000 71.295093 -223.735977 0.000000 -83.943493 0.000000 -83.943493 479.173162 144.838786 -52.547780
-7027.242996 -4865.100679 0.000000 129.263388 -194.408471 0.000000 -75.009261 0.000000 -75.009261 461.529476 157.481646 -57.855595
-5486.190151 -6601.521208 0.000000 176.932775 -150.743863 0.000000 -66.694541 0.000000 -66.694541 435.253598 172.455697 -61.336894
-3533.805113 -7843.283257 0.000000 211.068678 -96.090057 0.000000 -58.554070 0.000000 -58.554070 401.067653 189.603255 -62.834075
-1317.650469 -8499.753934 0.000000 229.387337 -34.378651 0.000000 -50.477158 0.000000 -50.477158 359.618572 207.078400 -62.141655
996.789122 -8521.715454 0.000000 230.594903 30.067358 0.000000 -42.417370 0.000000 -42.417370 311.566317 222.685916 -59.434727
3236.251921 -7904.452020 0.000000 214.441239 92.698124 0.000000 -34.348956 0.000000 -34.348956 257.618348 235.418620 -55.178308
5230.524519 -6689.130219 0.000000 181.801294 148.922433 0.000000 -26.256184 0.000000 -26.256184 198.574188 245.459295 -49.850932
6824.132058 -4962.011511 0.000000 134.759395 194.362783 0.000000 -18.130320 0.000000 -18.130320 135.374461 253.421353 -43.809189
7888.646808 -2850.640860 0.000000 76.636185 225.206270 0.000000 -9.968667 0.000000 -9.968667 69.140000 259.895317 -37.289355
8334.646408 -516.107463 0.000000 11.878156 238.630946 0.000000 -1.773895 0.000000 -1.773895 1.183579 265.332949 -30.446054
8121.591802 1859.023091 0.000000 -54.254947 233.226911 0.000000 6.447052 0.000000 6.447052 -67.020388 270.059409 -23.384599
7263.519248 4086.445178 0.000000 -116.208041 209.286590 0.000000 14.684742 0.000000 14.684742 -133.911516 274.309851 -16.180925
5828.849924 5989.588775 0.000000 -168.767724 168.847322 0.000000 22.929719 0.000000 22.929719 -197.950326 278.261608 -8.892414
3933.860041 7420.065622 0.000000 -207.665416 115.444868 0.000000 31.175410 0.000000 31.175410 -257.727257 282.058330 -1.563292
1730.932527 8270.436799 0.000000 -229.997811 53.643113 0.000000 39.421395 0.000000 39.421395 -312.042507 285.828633 5.772902
-606.138483 8481.723302 0.000000 -234.392377 -11.521584 0.000000 47.677513 0.000000 47.677513 -359.937593 289.702997 13.092578
-2897.298333 8045.530091 0.000000 -220.944293 -75.042671 0.000000 55.971019 0.000000 55.971019 -400.677459 293.834135 20.383591
-4969.974008 7001.778782 0.000000 -191.015150 -132.312390 0.000000 64.364500 0.000000 64.364500 -433.692048 298.432111 27.653468
-6670.530873 5433.473942 0.000000 -146.991650 -179.349993 0.000000 73.016497 0.000000 73.016497 -458.467677 303.854527 34.965123
-7873.409594 3459.726336 0.000000 -92.070158 -212.931563 0.000000 82.481951 0.000000 82.481951 -474.175734 310.998869 42.629540
-8488.341759 1227.722685 0.000000 -30.087684 -230.680584 0.000000 97.348979 0.000000 97.348979 -473.189301 326.464058 53.391932
-8466.041578 -1096.229115 0.000000 34.619674 -231.168705 0.000000 -97.074215 0.000000 -97.074215 476.335982 131.374839 -42.977245
-7802.438816 -3336.823199 0.000000 97.375738 -214.049656 0.000000 -81.015741 0.000000 -81.015741 473.548101 148.613685 -54.426881
-6541.009197 -5321.343036 0.000000 153.394308 -180.212441 0.000000 -71.417788 0.000000 -71.417788 454.777855 163.565669 -59.566816
-4772.270807 -6892.666842 0.000000 198.119890 -131.899592 0.000000 -62.698959 0.000000 -62.698959 426.685164 180.658432 -62.336898
-2629.304690 -7922.934611 0.000000 227.676858 -72.705955 0.000000 -54.264299 0.000000 -54.264299 389.850282 198.989590 -62.738106
-278.487719 -8326.247717 0.000000 239.361245 -7.375340 0.000000 -45.961041 0.000000 -45.961041 344.944739 216.153159 -60.846449
2094.404238 -8068.159875 0.000000 232.051305 58.636213 0.000000 -37.738740 0.000000 -37.738740 292.921940 230.428940 -57.121184
4301.217980 -7169.840306 0.000000 206.402409 119.771343 0.000000 -29.580483 0.000000 -29.580483 234.993059 241.628008 -52.140489
6168.965010 -5705.824263 0.000000 164.752155 171.015416 0.000000 -21.481285 0.000000 -21.481285 172.540176 250.353186 -46.366585
7555.051790 -3795.835626 0.000000 110.766931 208.414442 0.000000 -13.439185 0.000000 -13.439185 107.007196 257.295405 -40.105353
8358.156181 -1592.516794 0.000000 48.948416 229.366830 0.000000 -5.451113 0.000000 -5.451113 39.802621 263.000266 -33.546125
8524.059542 732.571544 0.000000 -15.860727 232.684420 0.000000 2.488828 0.000000 2.488828 -27.762776 267.857491 -26.804134
8046.960050 3002.677903 0.000000 -78.875864 218.491970 0.000000 10.389654 0.000000 10.389654 -94.496625 272.141905 -19.949455
6967.417113 5048.162095 0.000000 -135.645772 188.057224 0.000000 18.262939 0.000000 18.262939 -159.310747 276.052755 -13.025018
5368.066373 6717.065680 0.000000 -182.230587 143.623437 0.000000 26.121761 0.000000 26.121761 -221.185466 279.742511 -6.058047
3367.828102 7884.172059 0.000000 -215.334527 88.276625 0.000000 33.979418 0.000000 33.979418 -279.127076 283.337157 0.932178
1114.793130 8458.894751 0.000000 -232.445150 25.839685 0.000000 41.848089 0.000000 41.848089 -332.131939 286.951280 7.928499
-1222.462369 8392.087620 0.000000 -232.011216 -39.245797 0.000000 49.737629 0.000000 49.737629 -379.169255 290.700894 14.911003
-3465.542595 7681.379758 0.000000 -213.657117 -102.106237 0.000000 57.654774 0.000000 57.654774 -419.192792 294.716507 21.852459
-5439.054827 6374.076210 0.000000 -178.388624 -157.742900 0.000000 65.603459 0.000000 65.603459 -451.187770 299.159303 28.713748
-6985.104226 4566.296032 0.000000 -128.705099 -201.475788 0.000000 73.588895 0.000000 73.588895 -474.250199 304.245445 35.440105
-7978.030981 2397.150810 0.000000 -68.521012 -229.477645 0.000000 81.647056 0.000000 81.647056 -487.679461 310.302907 41.972199
-8337.133799 37.593115 0.000000 -2.838104 -239.282266 0.000000 100.744885 0.000000 100.744885 -479.814626 331.050265 55.496214
-8034.944949 -2325.076785 0.000000 62.803132 -230.121410 0.000000 -82.767754 0.000000 -82.767754 484.536712 146.314644 -53.316610
-7099.396621 -4504.748372 0.000000 122.970603 -202.986735 0.000000 -74.720785 0.000000 -74.720785 468.134036 157.948239 -58.003385
-5609.702707 -6333.219276 0.000000 172.924396 -160.412573 0.000000 -66.755105 0.000000 -66.755105 442.562594 172.335736 -61.318049
-3687.263494 -7673.705368 0.000000 209.014723 -106.072583 0.000000 -58.825271 0.000000 -58.825271 408.592314 189.010310 -62.819119
-1483.702566 -8429.943594 0.000000 228.859464 -44.323298 0.000000 -50.918555 0.000000 -50.918555 367.100206 206.153767 -62.235073
831.936514 -8550.933289 0.000000 231.346805 20.198499 0.000000 -43.024373 0.000000 -43.024373 318.997349 221.607086 -59.699004
3085.483365 -8032.142355 0.000000 216.544653 82.877609 0.000000 -35.130918 0.000000 -35.130918 265.192013 234.312098 -55.644045
5108.882446 -6914.177262 0.000000 185.591022 139.331008 0.000000 -27.225390 0.000000 -27.225390 206.586028 244.381000 -50.531230
6750.434432 -5279.630963 0.000000 140.607358 185.570279 0.000000 -19.295052 0.000000 -19.295052 144.097516 252.385849 -44.707318
7884.315024 -3248.329498 0.000000 84.638138 218.167640 0.000000 -11.328505 0.000000 -11.328505 78.700151 258.900867 -38.399548
8419.501733 -970.724657 0.000000 21.585117 234.465390 0.000000 -3.316892 0.000000 -3.316892 11.467032 264.373254 -31.752044
8307.788121 1381.084371 0.000000 -43.920027 232.839075 0.000000 4.745180 0.000000 4.745180 -56.395011 269.127695 -24.858820
7549.954371 3625.110319 0.000000 -106.766320 212.980794 0.000000 12.859250 0.000000 12.859250 -123.536325 273.399732 -17.785556
6198.644565 5583.850529 0.000000 -161.773432 176.121777 0.000000 21.023460 0.000000 21.023460 -188.493923 277.366713 -10.582372
4356.419080 7100.134434 0.000000 -204.236096 125.086961 0.000000 29.234177 0.000000 29.234177 -249.763780 281.171499 -3.290540
2168.085603 8052.300766 0.000000 -230.501322 64.097556 0.000000 37.489131 0.000000 37.489131 -305.904353 284.940968 4.054898
-192.284403 8366.080641 0.000000 -238.428431 -1.682307 0.000000 45.792758 0.000000 45.792758 -355.643931 288.802926 11.425616
-2537.789728 8021.035690 0.000000 -227.603702 -66.757912 0.000000 54.165915 0.000000 54.165915 -397.957965 292.906655 18.804038
-4685.843312 7050.726733 0.000000 -199.270351 -125.918459 0.000000 62.667892 0.000000 62.667892 -432.087707 297.458839 26.195550
-6473.423263 5537.331157 0.000000 -156.037338 -174.715063 0.000000 71.464538 0.000000 71.464538 -457.465141 302.816982 33.671164
-7768.802297 3602.458607 0.000000 -101.487445 -209.740264 0.000000 81.145526 0.000000 81.145526 -473.310624 309.891726 41.575338
-8479.338890 1396.105738 0.000000 -39.796785 -228.729441 0.000000 96.105609 0.000000 96.105609 -472.330542 324.899378 52.580251
-8555.805352 -914.787112 0.000000 24.571843 -230.551874 0.000000 -103.865672 0.000000 -103.865672 465.009525 126.041734 -37.536352
-7994.066887 -3157.448272 0.000000 87.094904 -215.164238 0.000000 -83.926927 0.000000 -83.926927 472.323880 144.859218 -52.558738
-6834.780191 -5163.953621 0.000000 143.365746 -183.575896 0.000000 -73.851657 0.000000 -73.851657 454.926871 159.377281 -58.438149
-5161.353136 -6781.692086 0.000000 189.273317 -137.840133 0.000000 -64.956352 0.000000 -64.956352 428.376272 175.957737 -61.831825
-3095.913837 -7883.793446 0.000000 221.227887 -81.048766 0.000000 -56.419636 0.000000 -56.419636 393.472939 194.281173 -62.864505
-792.678300 -8379.305488 0.000000 236.456383 -17.276478 0.000000 -48.028103 0.000000 -48.028103 350.717163 212.093959 -61.513921
1571.923019 -8222.274886 0.000000 233.347662 48.594196 0.000000 -39.705275 0.000000 -39.705275 300.761573 227.297743 -58.150252
3812.539854 -7418.238459 0.000000 211.775162 111.221475 0.000000 -31.421998 0.000000 -31.421998 244.503839 239.335637 -53.351317
5750.848923 -6026.330444 0.000000 173.284613 165.325960 0.000000 -23.169986 0.000000 -23.169986 183.103558 248.697584 -47.622297
7232.242158 -4155.616168 0.000000 121.040915 206.303294 0.000000 -14.950956 0.000000 -14.950956 117.941400 256.095549 -41.312964
8140.583342 -1955.443616 0.000000 59.497205 230.780947 0.000000 -6.770657 0.000000 -6.770657 50.530661 262.122749 -34.647577
8408.504030 398.860279 0.000000 -6.146947 236.972377 0.000000 1.365038 0.000000 1.365038 -17.593849 267.208676 -27.768723
8021.813165 2722.476810 0.000000 -70.554183 224.756274 0.000000 9.452690 0.000000 9.452690 -84.977068 271.655820 -20.768129
7018.120988 4837.092913 0.000000 -128.776982 195.512265 0.000000 17.492696 0.000000 17.492696 -150.309580 275.681704 -13.705425
5480.983333 6584.451133 0.000000 -176.618677 151.815442 0.000000 25.489691 0.000000 25.489691 -212.449057 279.450738 -6.619668
3531.318049 7836.615208 0.000000 -210.823051 97.101372 0.000000 33.452210 0.000000 33.452210 -270.403779 283.096721 0.462979
1317.582127 8503.068872 0.000000 -229.143682 35.375746 0.000000 41.391916 0.000000 41.391916 -323.293208 286.739442 7.523492
-994.428515 8535.246967 0.000000 -230.360925 -29.009195 0.000000 49.322768 0.000000 49.322768 -370.301866 290.498651 14.545146
-3231.924095 7929.092182 0.000000 -214.300761 -91.531997 0.000000 57.260672 0.000000 57.260672 -410.640472 294.508398 21.509067
-5225.779157 6725.887366 0.000000 -181.879644 -147.678066 0.000000 65.225104 0.000000 65.225104 -443.525046 298.935697 28.390368
-6821.733447 5011.121758 0.000000 -135.162988 -193.164505 0.000000 73.249056 0.000000 73.249056 -468.180455 304.012801 35.158254
-7892.057476 2910.709579 0.000000 -77.388916 -224.248025 0.000000 81.443515 0.000000 81.443515 -483.855885 310.135419 41.811314
-8346.980640 583.709680 0.000000 -12.883884 -238.111791 0.000000 91.666316 0.000000 91.666316 -488.947229 319.765200 49.528982
-8144.429337 -1788.992324 0.000000 53.200291 -233.271107 0.000000 -84.077937 0.000000 -84.077937 486.766402 144.673337 -52.458716
-7296.108499 -4019.700435 0.000000 115.352744 -209.886062 0.000000 -75.575828 0.000000 -75.575828 473.043959 156.576415 -57.560414
-5868.105717 -5931.060888 0.000000 168.315591 -169.858041 0.000000 -67.457397 0.000000 -67.457397 449.657514 170.955374 -61.091869
-3975.194046 -7372.773424 0.000000 207.705174 -116.641293 0.000000 -59.431332 0.000000 -59.431332 417.171379 187.687743 -62.776698
-1769.548234 -8235.088046 0.000000 230.484286 -54.803011 0.000000 -51.457553 0.000000 -51.457553 376.458710 205.017184 -62.340749
574.053106 -8457.140597 0.000000 235.183783 10.543693 0.000000 -43.525416 0.000000 -43.525416 328.582369 220.703862 -59.910387
2873.940457 -8029.616368 0.000000 221.871918 74.284272 0.000000 -35.628332 0.000000 -35.628332 274.690507 233.594554 -55.935028
4956.010614 -6992.547356 0.000000 191.951187 131.720298 0.000000 -27.758237 0.000000 -27.758237 215.937143 243.774913 -50.900912
6665.734910 -5429.718561 0.000000 147.888422 178.831361 0.000000 -19.904521 0.000000 -19.904521 153.438874 251.831169 -45.173474
7877.493079 -3461.113942 0.000000 92.959847 212.414066 0.000000 -12.054461 0.000000 -12.054461 88.267680 258.357448 -38.988722
8501.600992 -1234.339216 0.000000 31.046766 230.158145 0.000000 -4.194257 0.000000 -4.194257 21.471804 263.815477 -32.491382
8489.529443 1084.644528 0.000000 -33.526302 230.716066 0.000000 3.689736 0.000000 3.689736 -45.886763 268.538729 -25.770144
7837.563890 3321.601245 0.000000 -96.149670 213.799099 0.000000 11.609783 0.000000 11.609783 -112.690861 272.767407 -18.881415
6588.686918 5305.203369 0.000000 -152.134663 180.298388 0.000000 19.575790 0.000000 19.575790 -177.736315 276.680574 -11.864096
4831.962093 6879.398056 0.000000 -197.012757 132.390480 0.000000 27.594839 0.000000 27.594839 -239.723586 280.420253 -4.748574
2698.389402 7916.451264 0.000000 -226.940071 73.553115 0.000000 35.671722 0.000000 35.671722 -297.284914 284.109535 2.438125
352.345142 8329.345063 0.000000 -239.163180 8.407399 0.000000 43.811258 0.000000 43.811258 -349.051475 287.867982 9.670170
-2021.523006 8081.493848 0.000000 -232.440582 -57.663366 0.000000 52.024125 0.000000 52.024125 -393.751099 291.828449 16.924075
-4234.828725 7191.615519 0.000000 -207.285168 -119.088576 0.000000 60.341217 0.000000 60.341217 -430.309809 296.162944 24.185935
-6113.068101 5732.352521 0.000000 -165.929925 -170.759775 0.000000 68.856504 0.000000 68.856504 -457.912650 301.141795 31.478077
-7511.459722 3822.704079 0.000000 -112.015040 -208.592559 0.000000 77.913993 0.000000 77.913993 -475.906810 307.358195 38.985104
-8326.644179 1615.834800 0.000000 -50.095248 -229.875238 0.000000 89.881006 0.000000 89.881006 -481.741291 317.881866 48.242873
-8503.160334 -715.353517 0.000000 14.888416 -233.370229 0.000000 -103.607423 0.000000 -103.607423 470.602148 126.229541 -37.747484
-8034.976022 -2992.627284 0.000000 78.054998 -219.222240 0.000000 -84.369768 0.000000 -84.369768 475.259032 144.316503 -52.264599
-6963.203875 -5045.334978 0.000000 134.897801 -188.768042 0.000000 -74.842216 0.000000 -74.842216 457.552921 157.751364 -57.941383
-5371.299702 -6721.294331 0.000000 181.479953 -144.332810 0.000000 -66.241002 0.000000 -66.241002 431.149386 173.358577 -61.474636
-3378.698110 -7895.789547 0.000000 214.560992 -89.059900 0.000000 -57.908945 0.000000 -57.908945 396.819309 191.015774 -62.859622
-1133.290526 -8479.066795 0.000000 231.710348 -26.778162 0.000000 -49.676669 0.000000 -49.676669 355.100629 208.740060 -61.956655
1197.344538 -8422.573951 0.000000 231.447962 38.123848 0.000000 -41.478037 0.000000 -41.478037 306.571830 224.321870 -59.008586
3436.309547 -7723.766444 0.000000 213.421805 100.868322 0.000000 -33.282123 0.000000 -33.282123 251.929350 236.886701 -54.527198
5409.606791 -6428.756112 0.000000 178.591841 156.556955 0.000000 -25.074874 0.000000 -25.074874 192.045318 246.732921 -49.008657
6959.946107 -4631.641543 0.000000 129.349161 200.567071 0.000000 -16.852648 0.000000 -16.852648 128.006386 254.521862 -42.813558
7961.029524 -2469.315597 0.000000 69.476692 229.050159 0.000000 -8.619010 0.000000 -8.619010 61.117804 260.853616 -36.179485
8330.323068 -111.140338 0.000000 3.878344 239.438963 0.000000 -0.382212 0.000000 -0.382212 -7.139438 266.176656 -29.262258
8037.918924 2255.913878 0.000000 -61.924066 230.823378 0.000000 7.847370 0.000000 7.847370 -75.196061 270.810545 -22.167524
7109.568814 4444.694954 0.000000 -122.430392 204.072743 0.000000 16.059887 0.000000 16.059887 -141.505873 274.985648 -14.969617
5623.290776 6285.049572 0.000000 -172.780206 161.667399 0.000000 24.248465 0.000000 24.248465 -204.649331 278.875780 -7.722041
3700.527917 7638.115226 0.000000 -209.205779 107.308231 0.000000 32.411237 0.000000 32.411237 -263.401494 282.622042 -0.463471
1493.910073 8406.139457 0.000000 -229.255975 45.435972 0.000000 40.552997 0.000000 40.552997 -316.752448 286.350881 6.778410
-826.158198 8537.578320 0.000000 -231.817499 -19.215326 0.000000 48.687140 0.000000 48.687140 -363.885786 290.190076 13.984265
-3084.432434 8028.214237 0.000000 -217.013206 -81.962062 0.000000 56.839737 0.000000 56.839737 -404.130627 294.287204 21.142011
-5112.489725 6919.394240 0.000000 -186.061355 -138.406750 0.000000 65.061627 0.000000 65.061627 -436.901925 298.839505 28.250531
-6759.034403 5294.307150 0.000000 -141.151197 -184.602872 0.000000 73.472938 0.000000 73.472938 -461.626198 304.165883 35.343984
-7899.123279 3272.745822 0.000000 -85.350636 -217.201828 0.000000 82.499801 0.000000 82.499801 -477.519420 311.013908 42.643547
-8442.552432 1004.291223 0.000000 -22.524646 -233.627646 0.000000 96.394542 0.000000 96.394542 -478.603028 325.257751 52.770689
-8341.286209 -1340.490504 0.000000 42.784426 -232.300246 0.000000 -90.482388 0.000000 -90.482388 483.756334 137.510184 -47.977417
-7595.246568 -3581.268713 0.000000 105.574831 -212.888825 0.000000 -78.405764 0.000000 -78.405764 474.135786 152.272789 -55.994121
-6255.228245 -5541.602408 0.000000 160.746781 -176.530762 0.000000 -69.474138 0.000000 -69.474138 453.552243 167.105893 -60.366450
-4421.470386 -7064.204707 0.000000 203.603424 -125.917091 0.000000 -61.044834 0.000000 -61.044834 423.645238 184.190819 -62.603621
-2236.809240 -8025.987135 0.000000 230.414646 -65.150826 0.000000 -52.794860 0.000000 -52.794860 385.008947 202.165445 -62.562425
125.559093 -8350.380347 0.000000 238.905632 0.653539 0.000000 -44.641423 0.000000 -44.641423 338.518190 218.651233 -60.358541
2478.217196 -8014.594562 0.000000 228.528880 65.962190 0.000000 -36.557966 0.000000 -36.557966 285.306666 232.224519 -56.467422
4636.963538 -7050.593446 0.000000 200.448907 125.459516 0.000000 -28.534479 0.000000 -28.534479 226.671271 242.874641 -51.433726
6436.767445 -5540.126839 0.000000 157.275245 174.576782 0.000000 -20.564852 0.000000 -20.564852 163.965176 251.219888 -45.675449
7744.251786 -3605.434828 0.000000 102.656963 209.821686 0.000000 -12.642136 0.000000 -12.642136 98.511542 257.910887 -39.463797
8465.961498 -1397.691088 0.000000 40.863758 228.907259 0.000000 -4.756960 0.000000 -4.756960 31.554737 263.452910 -32.964252
8552.745652 915.080702 0.000000 -23.563656 230.741377 0.000000 3.102517 0.000000 3.102517 -35.749351 268.207135 -26.276146
8001.109391 3159.620467 0.000000 -86.070667 215.355675 0.000000 10.949871 0.000000 10.949871 -102.312759 272.430124 -19.459335
6852.371506 5168.298288 0.000000 -142.277195 183.834746 0.000000 18.799315 0.000000 18.799315 -167.077764 276.309936 -12.550889
5190.086742 6789.399857 0.000000 -188.145000 138.271931 0.000000 26.664491 0.000000 26.664491 -228.975757 279.992558 -5.575683
3135.691429 7897.071394 0.000000 -220.172969 81.740599 0.000000 34.557387 0.000000 34.557387 -286.895809 283.600817 1.446533
841.914209 8400.883100 0.000000 -235.651525 18.237056 0.000000 42.487679 0.000000 42.487679 -339.675430 287.249001 8.496166
-1516.651610 8254.416033 0.000000 -232.971182 -47.468974 0.000000 50.463101 0.000000 50.463101 -386.124002 291.056225 15.550350
-3756.127095 7461.632348 0.000000 -211.930915 -110.135885 0.000000 58.492304 0.000000 58.492304 -425.083389 295.162127 22.581345
-5698.607320 6079.365238 0.000000 -173.946885 -164.522356 0.000000 66.595107 0.000000 66.595107 -455.518067 299.752007 29.559536
-7188.540163 4214.429817 0.000000 -122.051236 -205.974864 0.000000 74.845276 0.000000 74.845276 -476.606353 305.119912 36.478140
-8107.749450 2014.799845 0.000000 -60.619033 -231.001185 0.000000 83.705210 0.000000 83.705210 -487.694262 312.045467 43.584827
-8386.469420 -344.230060 0.000000 5.141695 -237.676301 0.000000 -99.316142 0.000000 -99.316142 483.925514 129.517677 -41.208739
-8008.600991 -2676.643286 0.000000 69.809417 -225.779764 0.000000 -83.152968 0.000000 -83.152968 481.113363 145.825311 -53.066735
-7010.890616 -4802.291908 0.000000 128.320752 -196.665633 0.000000 -74.640620 0.000000 -74.640620 463.438681 158.078584 -58.044151
-5477.129422 -6561.200046 0.000000 176.382814 -152.954579 0.000000 -66.500150 0.000000 -66.500150 437.035634 172.841705 -61.396663
-3529.178399 -7824.402076 0.000000 210.697702 -98.167726 0.000000 -58.467953 0.000000 -58.467953 402.627760 189.791658 -62.838303
-1316.537455 -8501.232964 0.000000 229.039756 -36.394426 0.000000 -50.477588 0.000000 -50.477588 360.952401 207.077503 -62.141749
994.412356 -8543.651408 0.000000 230.255680 27.966957 0.000000 -42.498002 0.000000 -42.498002 312.756802 222.543586 -59.470342
3231.055097 -7948.311331 0.000000 214.250731 90.404970 0.000000 -34.508812 0.000000 -34.508812 258.805754 235.194532 -55.274327
5225.140667 -6756.829852 0.000000 181.996440 146.468014 0.000000 -26.494874 0.000000 -26.494874 199.911619 245.196581 -50.019394
6823.583791 -5054.230072 0.000000 135.559376 191.964621 0.000000 -18.445278 0.000000 -18.445278 136.978291 253.144449 -44.052972
7899.517147 -2965.066400 0.000000 78.114320 223.231467 0.000000 -10.353520 0.000000 -10.353520 71.046753 259.616898 -37.604399
8363.134891 -646.473866 0.000000 13.876857 237.478404 0.000000 -2.217781 0.000000 -2.217781 3.326671 265.059556 -30.822483
8171.154063 1722.472019 0.000000 -52.116370 233.169752 0.000000 5.959235 0.000000 5.959235 -64.802728 269.794528 -23.807737
7333.121725 3955.012432 0.000000 -114.420710 210.346927 0.000000 14.171233 0.000000 14.171233 -131.834790 274.055396 -16.632711
5912.714051 5873.384902 0.000000 -167.759704 170.770586 0.000000 22.410184 0.000000 22.410184 -196.220263 278.018597 -9.353226
4022.904124 7325.616546 0.000000 -207.650408 117.792438 0.000000 30.669123 0.000000 30.669123 -256.477094 281.827244 -2.013823
1815.292107 8199.640720 0.000000 -230.919381 55.957379 0.000000 38.945880 0.000000 38.945880 -311.294389 285.609748 5.350227
-534.618595 8432.480134 0.000000 -235.983129 -9.561771 0.000000 47.248253 0.000000 47.248253 -359.600109 289.496988 12.713182
-2843.589821 8013.576793 0.000000 -222.859973 -73.544167 0.000000 55.602923 0.000000 55.602923 -400.575548 293.643511 20.061878
-4935.823404 6982.805330 0.000000 -192.975564 -131.188680 0.000000 64.076709 0.000000 64.076709 -433.613640 298.265229 27.406640
-6655.608136 5424.624987 0.000000 -148.870410 -178.416274 0.000000 72.846374 0.000000 72.846374 -458.202636 303.739217 34.823713
-7876.971192 3459.978589 0.000000 -93.906181 -212.025858 0.000000 82.540470 0.000000 82.540470 -473.473438 311.048199 42.675454
-8510.625951 1237.128869 0.000000 -32.023150 -229.761970 0.000000 98.306728 0.000000 98.306728 -470.220347 327.710103 54.002749
-8508.784502 -1078.007468 0.000000 32.447085 -230.356845 0.000000 -99.416632 0.000000 -99.416632 472.107803 129.436814 -41.128783
-7868.253472 -3312.008192 0.000000 94.944943 -213.589525 0.000000 -82.063217 0.000000 -82.063217 472.449488 147.224508 -53.768347
-6631.812767 -5294.828605 0.000000 150.871686 -180.372286 0.000000 -72.217623 0.000000 -72.217623 454.154032 162.158958 -59.210908
-4887.372498 -6871.586489 0.000000 195.851700 -132.836826 0.000000 -63.389379 0.000000 -63.389379 426.593946 179.204403 -62.199417
-2764.023835 -7914.958011 0.000000 226.092048 -74.357494 0.000000 -54.884253 0.000000 -54.884253 390.414923 197.639781 -62.790562
-424.084904 -8337.153618 0.000000 238.814782 -9.430722 0.000000 -46.520793 0.000000 -46.520793 346.200336 215.071066 -61.039125
1949.208449 -8099.689632 0.000000 232.676724 56.651560 0.000000 -38.236987 0.000000 -38.236987 294.782377 229.652372 -57.389170
4167.620267 -7218.837982 0.000000 208.049092 118.331861 0.000000 -30.011461 0.000000 -30.011461 237.270395 241.102871 -52.427790
6055.428494 -5765.111019 0.000000 167.043074 170.427754 0.000000 -21.838961 0.000000 -21.838961 174.999604 250.008971 -46.634526
7465.737014 -3856.426251 0.000000 113.247227 208.727600 0.000000 -13.719996 0.000000 -13.719996 109.434160 257.075800 -40.330598
8292.983216 -1646.169765 0.000000 51.248997 230.396029 0.000000 -5.655547 0.000000 -5.655547 42.056964 262.865799 -33.717175
8480.158862 691.529896 0.000000 -13.918832 234.124112 0.000000 2.355684 0.000000 2.355684 -25.721753 267.781205 -26.918572
8020.705120 2976.854772 0.000000 -77.271204 220.056687 0.000000 10.318412 0.000000 10.318412 -92.617087 272.105126 -20.011750
6956.120910 5037.884368 0.000000 -134.228994 189.589114 0.000000 18.240796 0.000000 18.240796 -157.480054 276.042117 -13.044586
5370.700720 6721.909430 0.000000 -180.839382 145.129852 0.000000 26.133734 0.000000 26.133734 -219.275452 279.748032 -6.047406
3384.583592 7904.479683 0.000000 -213.902795 89.891310 0.000000 34.009725 0.000000 34.009725 -277.041824 283.350980 0.959150
1145.753023 8496.591367 0.000000 -231.065306 27.726275 0.000000 41.881519 0.000000 41.881519 -329.848459 286.966820 7.958174
-1178.923498 8450.390983 0.000000 -230.924387 -37.011383 0.000000 49.760696 0.000000 49.760696 -376.762530 290.712158 14.931339
-3413.879187 7763.420960 0.000000 -213.168544 -99.627957 0.000000 57.656310 0.000000 57.656310 -416.837607 294.717320 21.853797
-5386.545495 6480.917028 0.000000 -178.734018 -155.326751 0.000000 65.573756 0.000000 65.573756 -449.132426 299.141699 28.688374
-6940.478859 4695.187832 0.000000 -129.921296 -199.558285 0.000000 73.514101 0.000000 73.514101 -472.764168 304.194105 35.378112
-7949.097233 2540.926102 0.000000 -70.385208 -228.477685 0.000000 81.474442 0.000000 81.474442 -486.991427 310.160814 41.835776
-8328.332079 185.677661 0.000000 -4.917422 -239.438326 0.000000 89.485333 0.000000 89.485333 -491.302387 317.477354 47.953780
-8045.924003 -2184.290626 0.000000 61.004515 -231.394599 0.000000 -82.590039 0.000000 -82.590039 485.535909 146.542323 -53.431207
-7125.277486 -4381.125719 0.000000 121.835415 -205.080950 0.000000 -74.624807 0.000000 -74.624807 469.831702 158.104330 -58.052176
-5642.883659 -6232.870896 0.000000 172.602834 -162.899649 0.000000 -66.678152 0.000000 -66.678152 444.699994 172.488185 -61.341975
-3719.901022 -7598.488394 0.000000 209.412288 -108.556143 0.000000 -58.754282 0.000000 -58.754282 410.901858 189.165458 -62.823274
-1509.789147 -8378.464791 0.000000 229.723805 -46.564208 0.000000 -50.853833 0.000000 -50.853833 369.363650 206.289702 -62.221761
815.651219 -8520.402198 0.000000 232.401722 18.241629 0.000000 -42.972995 0.000000 -42.972995 321.085951 221.699056 -59.676980
3079.887464 -8020.178180 0.000000 217.609970 81.095240 0.000000 -35.103949 0.000000 -35.103949 267.079144 234.350696 -55.628150
5113.829874 -6919.830791 0.000000 186.644156 137.565970 0.000000 -27.235863 0.000000 -27.235863 208.333855 244.369179 -50.538526
6766.314539 -5303.277302 0.000000 141.769497 183.732516 0.000000 -19.356179 0.000000 -19.356179 145.823966 252.330621 -44.754192
7913.133677 -3290.543114 0.000000 86.093716 216.316308 0.000000 -11.452030 0.000000 -11.452030 80.533971 258.809032 -38.499976
8464.940453 -1030.641383 0.000000 23.464398 232.825213 0.000000 -3.511620 0.000000 -3.511620 13.499731 264.250235 -31.916348
8374.088080 1307.173707 0.000000 -41.650206 231.737578 0.000000 4.474546 0.000000 4.474546 -54.149941 268.977515 -25.092721
7639.958492 3544.192828 0.000000 -104.353866 212.721669 0.000000 12.512783 0.000000 12.512783 -121.165181 273.225192 -18.089636
6311.775732 5505.224450 0.000000 -159.639078 176.841833 0.000000 20.605975 0.000000 20.605975 -186.175282 277.169461 -10.952160
4487.552629 7033.209150 0.000000 -202.841097 126.663937 0.000000 28.754326 0.000000 28.754326 -247.728575 280.951873 -3.717391
2307.997386 8003.972562 0.000000 -230.176978 66.163302 0.000000 36.957608 0.000000 36.957608 -304.372902 284.697521 3.582126
-54.914955 8338.812421 0.000000 -239.249401 0.381100 0.000000 45.219773 0.000000 45.219773 -354.761470 288.531461 10.918284
-2413.618181 8012.498750 0.000000 -229.369678 -65.134863 0.000000 53.558059 0.000000 53.558059 -397.753789 292.598312 18.271098
-4582.510473 7055.108204 0.000000 -201.602007 -124.977559 0.000000 62.023925 0.000000 62.023925 -432.474797 297.095849 25.640478
-6394.528228 5547.624471 0.000000 -158.532603 -174.454715 0.000000 70.766990 0.000000 70.766990 -458.286191 302.360829 33.086797
-7714.418320 3612.688181 0.000000 -103.861718 -209.972402 0.000000 80.329996 0.000000 80.329996 -474.462682 309.233804 40.926934
-8447.602107 1402.616647 0.000000 -41.951170 -229.200371 0.000000 94.792743 0.000000 94.792743 -474.826227 323.309680 51.701667
-8544.744506 -913.323055 0.000000 22.569779 -231.068518 0.000000 -103.231304 0.000000 -103.231304 467.366647 126.504992 -38.054444
-8002.875550 -3161.101769 0.000000 85.097919 -215.676447 0.000000 -84.091816 0.000000 -84.091816 472.550536 144.656295 -52.449508
-6864.044416 -5173.089118 0.000000 141.261653 -184.188177 0.000000 -74.178274 0.000000 -74.178274 454.900833 158.836143 -58.276641
-5212.179289 -6798.266087 0.000000 187.082926 -138.751067 0.000000 -65.362864 0.000000 -65.362864 428.305151 175.128807 -61.724138
-3168.329119 -7911.765690 0.000000 219.146965 -82.439511 0.000000 -56.879393 0.000000 -56.879393 393.560309 193.273126 -62.871058
-883.999187 -8423.845397 0.000000 234.818106 -19.189520 0.000000 -48.525909 0.000000 -48.525909 351.159693 211.091462 -61.656213
1467.950717 -8287.924928 0.000000 232.509302 46.333507 0.000000 -40.227331 0.000000 -40.227331 301.699379 226.436549 -58.410122
3705.237208 -7506.706028 0.000000 211.968079 108.995152 0.000000 -31.952916 0.000000 -31.952916 245.976947 238.650682 -53.691980
5650.690921 -6134.888481 0.000000 174.494689 163.613530 0.000000 -23.692420 0.000000 -23.692420 185.034655 248.169320 -48.005823
7148.184222 -4276.957824 0.000000 122.984383 205.511761 0.000000 -15.446630 0.000000 -15.446630 120.155463 255.692489 -41.706147
8077.739518 -2079.212474 0.000000 61.713462 231.094298 0.000000 -7.222110 0.000000 -7.222110 52.807404 261.817190 -35.022955
8367.186605 283.461866 0.000000 -4.127644 238.295739 0.000000 0.972596 0.000000 0.972596 -15.453655 266.979404 -28.104853
7998.282809 2624.120678 0.000000 -69.050866 226.778320 0.000000 9.129945 0.000000 9.129945 -83.096208 271.487173 -21.049811
7006.576834 4760.829970 0.000000 -127.878517 197.846552 0.000000 17.245558 0.000000 17.245558 -148.708108 275.562199 -13.923623
5475.822922 6531.724989 0.000000 -176.208503 154.148423 0.000000 25.319476 0.000000 25.319476 -211.051646 279.372053 -6.770883
3528.725112 7806.516249 0.000000 -210.681281 99.284611 0.000000 33.356632 0.000000 33.356632 -269.073378 283.053136 0.377916
1315.924502 8494.100393 0.000000 -229.073537 37.434766 0.000000 41.366809 0.000000 41.366809 -321.878255 286.727795 7.501198
-995.364977 8546.785251 0.000000 -230.287600 -26.941156 0.000000 49.364641 0.000000 49.364641 -368.684547 290.519033 14.582081
-3232.398799 7961.936538 0.000000 -214.308031 -89.323137 0.000000 57.370743 0.000000 57.370743 -408.775802 294.566423 21.605001
-5227.555042 6781.681610 0.000000 -182.172241 -145.307089 0.000000 65.417124 0.000000 65.417124 -441.461930 299.049008 28.554533
-6828.827055 5090.868081 0.000000 -135.966536 -190.786388 0.000000 73.570496 0.000000 73.570496 -466.052977 304.232808 35.424857
-7910.313153 3012.984911 0.000000 -78.822429 -222.183891 0.000000 82.070139 0.000000 82.070139 -481.797853 310.653769 42.305832
-8382.448112 703.410924 0.000000 -14.857538 -236.754700 0.000000 94.264229 0.000000 94.264229 -485.212323 322.687181 51.342073
-8201.075169 -1660.642709 0.000000 51.008547 -232.936284 0.000000 -85.560718 0.000000 -85.560718 486.311241 142.892276 -51.461541
-7373.816864 -3893.629585 0.000000 113.415404 -210.669373 0.000000 -76.202554 0.000000 -76.202554 473.467727 155.592199 -57.226477
-5961.940254 -5817.756777 0.000000 167.094149 -171.575323 0.000000 -67.851711 0.000000 -67.851711 450.889977 170.189151 -60.958775
-4076.376293 -7279.676921 0.000000 207.482925 -118.886543 0.000000 -59.701620 0.000000 -59.701620 419.078411 187.099252 -62.753784
-1867.782759 -8165.080970 0.000000 231.275710 -57.099811 0.000000 -51.640302 0.000000 -51.640302 378.810865 204.630047 -62.374465
487.924612 -8408.707521 0.000000 236.760736 8.573372 0.000000 -43.639200 0.000000 -43.639200 331.123545 220.497151 -59.957524
2806.057785 -7998.441390 0.000000 223.883469 72.812521 0.000000 -35.687688 0.000000 -35.687688 277.204960 233.508212 -55.969470
4909.016464 -6973.698472 0.000000 194.072203 130.705187 0.000000 -27.778177 0.000000 -27.778177 218.294458 243.752047 -50.914684
6639.641951 -5419.450554 0.000000 149.930932 178.095698 0.000000 -19.901746 0.000000 -19.901746 155.608762 251.833715 -45.171357
7871.305141 -3457.630917 0.000000 94.909134 211.765922 0.000000 -12.047150 0.000000 -12.047150 90.306588 258.362966 -38.982801
8514.891373 -1237.361651 0.000000 33.018675 229.501331 0.000000 -4.201185 0.000000 -4.201185 23.488958 263.811036 -32.497211
8523.286798 1075.189980 0.000000 -31.383652 230.109769 0.000000 3.650355 0.000000 3.650355 -43.774605 268.516580 -25.804102
7893.935659 3307.135228 0.000000 -93.770815 213.445137 0.000000 11.521492 0.000000 11.521492 -110.406496 272.722418 -18.958771
6669.677719 5289.553855 0.000000 -149.623396 180.457585 0.000000 19.424918 0.000000 19.424918 -175.281203 276.608707 -11.997581
4937.580297 6868.771073 0.000000 -194.660349 133.255061 0.000000 27.371096 0.000000 27.371096 -237.198619 280.317495 -4.947514
2825.049848 7918.107560 0.000000 -225.155094 75.125291 0.000000 35.367997 0.000000 35.367997 -294.883655 283.970817 2.167871
492.365538 8349.343506 0.000000 -238.329272 10.443424 0.000000 43.422096 0.000000 43.422096 -347.022349 287.685563 9.325096
-1878.868331 8122.385918 0.000000 -232.759531 -55.603795 0.000000 51.541958 0.000000 51.541958 -392.336134 291.588767 16.500061
-4100.936182 7251.145182 0.000000 -208.682363 -117.497276 0.000000 59.748108 0.000000 59.748108 -429.681030 295.839237 23.671900
-5997.241170 5803.831945 0.000000 -168.075081 -170.004072 0.000000 68.103116 0.000000 68.103116 -458.139069 300.672653 30.840561
-7418.923794 3896.940413 0.000000 -114.450214 -208.794337 0.000000 76.841020 0.000000 76.841020 -477.023673 306.558223 38.113395
-8258.119100 1683.738212 0.000000 -52.404499 -230.899974 0.000000 87.555456 0.000000 87.555456 -484.909378 315.567678 46.524152
-8455.992232 -660.601764 0.000000 12.948916 -234.919902 0.000000 -100.797967 0.000000 -100.797967 477.696665 128.344862 -40.024115
-8005.141461 -2954.637840 0.000000 76.516984 -220.977352 0.000000 -83.725607 0.000000 -83.725607 477.035155 145.108348 -52.691630
-6947.236631 -5024.957995 0.000000 133.632936 -190.512447 0.000000 -74.614210 0.000000 -74.614210 458.912737 158.121591 -58.057552
-5367.374394 -6718.023158 0.000000 180.308720 -146.014928 0.000000 -66.202682 0.000000 -66.202682 432.213366 173.435225 -61.485999
-3386.544991 -7909.383566 0.000000 213.369329 -90.775431 0.000000 -57.994147 0.000000 -57.994147 397.654952 190.829091 -62.857058
-1153.096367 -8510.653957 0.000000 230.529359 -28.687401 0.000000 -49.859580 0.000000 -49.859580 355.835449 208.362171 -62.000683
1166.515570 -8474.730506 0.000000 230.466792 35.911210 0.000000 -41.745857 0.000000 -41.745857 307.375565 223.859598 -59.132172
3397.841968 -7799.464043 0.000000 212.924716 98.396651 0.000000 -33.625428 0.000000 -33.625428 252.970098 236.419439 -54.738649
5369.711656 -6529.526263 0.000000 178.836752 154.070782 0.000000 -25.483299 0.000000 -25.483299 193.439751 246.297512 -49.301442
6926.709003 -4755.706432 0.000000 130.432645 198.468792 0.000000 -17.312908 0.000000 -17.312908 129.779111 254.129567 -43.173429
7942.299078 -2610.589804 0.000000 71.247685 227.772392 0.000000 -9.114383 0.000000 -9.114383 63.184876 260.505096 -36.587737
8331.209965 -259.752741 0.000000 5.952367 239.279625 0.000000 -0.893184 0.000000 -0.893184 -4.952771 265.869197 -29.697523
8058.993723 2111.585285 0.000000 -60.043316 231.821543 0.000000 7.341638 0.000000 7.341638 -73.105360 270.540809 -22.607481
7146.614642 4315.242245 0.000000 -121.174594 205.990849 0.000000 15.579714 0.000000 15.579714 -139.701775 274.750574 -15.392815
5668.737443 6177.678655 0.000000 -172.370975 164.089880 0.000000 23.811991 0.000000 23.811991 -203.240621 278.672905 -8.109511
3745.884847 7555.657894 0.000000 -209.607426 109.803946 0.000000 32.033454 0.000000 32.033454 -262.387109 282.449758 -0.799688
1532.109289 8347.672993 0.000000 -230.237418 47.704342 0.000000 40.245875 0.000000 40.245875 -316.028899 286.208939 6.505563
-799.422319 8500.156038 0.000000 -233.081017 -17.274887 0.000000 48.461174 0.000000 48.461174 -363.282527 290.080743 13.784778
-3070.719657 8008.821323 0.000000 -218.326496 -80.273379 0.000000 56.707657 0.000000 56.707657 -403.458338 294.218024 21.026778
-5111.739277 6916.295190 0.000000 -187.340583 -136.809045 0.000000 65.046702 0.000000 65.046702 -435.996746 298.830735 28.237761
-6771.158065 5307.307071 0.000000 -142.469723 -182.967870 0.000000 73.631633 0.000000 73.631633 -460.366790 304.274818 35.475519
-7925.314386 3302.350957 0.000000 -86.875942 -215.529631 0.000000 83.013539 0.000000 83.013539 -475.717402 311.449677 43.045846
-8485.701490 1050.175747 0.000000 -24.408463 -232.084733 0.000000 98.433370 0.000000 98.433370 -473.385535 327.877591 54.082538
-8405.230776 -1281.019599 0.000000 40.521546 -231.180570 0.000000 -93.360964 0.000000 -93.360964 480.365073 134.695997 -45.834537
-7683.042713 -3514.047853 0.000000 103.115701 -212.504537 0.000000 -79.568317 0.000000 -79.568317 473.231909 150.607281 -55.309585
-6367.095363 -5475.086283 0.000000 158.465713 -177.069986 0.000000 -70.276444 0.000000 -70.276444 453.385828 165.623849 -60.047888
-4553.337795 -7007.608377 0.000000 201.959617 -127.330996 0.000000 -61.678112 0.000000 -61.678112 424.243234 182.831085 -62.512064
-2380.271564 -7986.712212 0.000000 229.787115 -67.131577 0.000000 -53.315606 0.000000 -53.315606 386.360516 201.044361 -62.632894
-18.349559 -8331.796835 0.000000 239.445216 -1.419376 0.000000 -45.069355 0.000000 -45.069355 340.496152 217.849443 -60.521850
2345.095997 -8015.182020 0.000000 230.102738 64.270123 0.000000 -36.900320 0.000000 -36.900320 287.693938 231.710344 -56.659616
4523.341796 -7064.813799 0.000000 202.705216 124.456731 0.000000 -28.795308 0.000000 -28.795308 229.222537 242.567428 -51.611191
6347.343345 -5560.563780 0.000000 159.790733 174.326221 0.000000 -20.749371 0.000000 -20.749371 166.472731 251.047117 -45.815130
7679.796270 -3625.193230 0.000000 105.091855 210.169202 0.000000 -12.758668 0.000000 -12.758668 100.851798 257.821614 -39.557797
8424.697327 -1412.065610 0.000000 43.056830 229.591141 0.000000 -4.817435 0.000000 -4.817435 33.704023 263.413715 -33.015010
8532.238452 908.200109 0.000000 -21.588876 231.525165 0.000000 3.082972 0.000000 3.082972 -33.728760 268.196048 -26.292975
7999.810789 3160.549069 0.000000 -84.177108 216.128744 0.000000 10.953862 0.000000 10.953862 -100.308005 272.432170 -19.455842
6870.210385 5177.048207 0.000000 -140.326134 184.646424 0.000000 18.808358 0.000000 18.808358 -164.971540 276.314264 -12.542893
5227.926602 6807.136396 0.000000 -186.103427 139.291077 0.000000 26.660220 0.000000 26.660220 -226.693054 279.990592 -5.579479
3193.913356 7926.849268 0.000000 -218.175011 83.156454 0.000000 34.522561 0.000000 34.522561 -284.441863 283.584928 1.415542
918.740773 8447.240379 0.000000 -233.985759 20.137333 0.000000 42.406687 0.000000 42.406687 -337.155790 287.211252 8.424294
-1426.302602 8321.838793 0.000000 -231.989077 -45.193241 0.000000 50.321308 0.000000 50.321308 -383.738738 290.986605 15.425433
-3660.580216 7552.410697 0.000000 -211.904223 -107.810018 0.000000 58.272792 0.000000 58.272792 -423.091880 295.044883 22.390426
-5607.923266 6191.748202 0.000000 -174.933147 -162.607956 0.000000 66.268281 0.000000 66.268281 -454.180566 299.555584 29.281071
-7111.997283 4342.007865 0.000000 -123.836108 -204.912562 0.000000 74.330342 0.000000 74.330342 -476.126004 304.758722 36.053464
-8051.317856 2147.569026 0.000000 -62.774435 -231.045717 0.000000 82.606254 0.000000 82.606254 -488.278163 311.103740 42.727044
-8351.383396 -217.466696 0.000000 3.105007 -238.805909 0.000000 -95.615814 0.000000 -95.615814 488.973869 132.640760 -44.110853
-7991.630803 -2565.550023 0.000000 68.269295 -227.724064 0.000000 -82.486651 0.000000 -82.486651 482.822885 146.675343 -53.497675
-7006.086330 -4713.085354 0.000000 127.433276 -199.031380 0.000000 -74.309857 0.000000 -74.309857 465.435434 158.619534 -58.210932
-5478.157865 -6496.208665 0.000000 176.076314 -155.381878 0.000000 -66.298477 0.000000 -66.298477 439.097803 173.243719 -61.457512
-3531.232543 -7783.034756 0.000000 210.758121 -100.445708 0.000000 -58.343359 0.000000 -58.343359 404.569577 190.064333 -62.843974
-1317.134843 -8481.716908 0.000000 229.237830 -38.496104 0.000000 -50.415329 0.000000 -50.415329 362.681563 207.207458 -62.128079
995.874847 -8544.695510 0.000000 230.459954 25.931775 0.000000 -42.497013 0.000000 -42.497013 314.281994 222.545333 -59.469906
3234.625190 -7969.996483 0.000000 214.485253 88.290980 0.000000 -34.573459 0.000000 -34.573459 260.218450 235.103602 -55.313041
5231.849021 -6800.387281 0.000000 182.424938 144.208044 0.000000 -26.630794 0.000000 -26.630794 201.349748 245.046158 -50.115057
6836.471093 -5120.806573 0.000000 136.401746 189.651644 0.000000 -18.656737 0.000000 -18.656737 138.579323 252.957257 -44.216268
7923.598158 -3053.983528 0.000000 79.524111 221.133073 0.000000 -10.641564 0.000000 -10.641564 72.899338 259.406970 -37.839763
8404.135422 -753.758567 0.000000 15.827432 235.967744 0.000000 -2.579040 0.000000 -2.579040 5.432356 264.835469 -31.128416
8233.382270 1604.501592 0.000000 -49.882634 232.589488 0.000000 5.533002 0.000000 5.533002 -62.544980 269.561671 -24.177084
7417.315801 3836.674490 0.000000 -112.343178 210.859396 0.000000 13.692763 0.000000 13.692763 -129.611873 273.817224 -17.053390
6014.874503 5765.298440 0.000000 -166.317715 172.266881 0.000000 21.895516 0.000000 21.895516 -194.256498 277.777228 -9.809558
4134.772855 7235.992631 0.000000 -207.189194 119.913589 0.000000 30.135825 0.000000 30.135825 -254.968378 281.583691 -2.488355
1926.376636 8132.357866 0.000000 -231.528683 58.223729 0.000000 38.411163 0.000000 38.411163 -310.348893 285.363972 4.874836
-434.338013 8386.746246 0.000000 -237.487110 -7.576604 0.000000 46.727541 0.000000 46.727541 -359.207645 289.247913 12.252746
-2761.423318 7985.196751 0.000000 -224.915465 -72.079022 0.000000 55.109527 0.000000 55.109527 -400.614668 293.389219 19.630337
-4875.435778 6966.342163 0.000000 -195.222048 -130.255301 0.000000 63.623483 0.000000 63.623483 -433.889558 298.003921 27.017525
-6617.539384 5415.452232 0.000000 -151.060401 -177.856826 0.000000 72.452136 0.000000 72.452136 -458.497468 303.473516 34.495598
-7860.142407 3455.424727 0.000000 -95.966610 -211.628423 0.000000 82.256595 0.000000 82.256595 -473.568978 310.809578 42.452525
-8514.043625 1236.401001 0.000000 -34.034360 -229.380410 0.000000 98.466557 0.000000 98.466557 -469.231920 327.921587 54.103408
-8532.686253 -1074.922129 0.000000 30.337189 -229.989099 0.000000 -100.678260 0.000000 -100.678260 469.822548 128.438076 -40.120249
-7914.217563 -3305.893753 0.000000 92.635277 -213.387178 0.000000 -82.831546 0.000000 -82.831546 471.666079 146.233215 -53.275369
-6701.764552 -5288.515071 0.000000 148.406727 -180.576878 0.000000 -72.887374 0.000000 -72.887374 453.580064 161.003815 -58.901422
-4981.859905 -6870.293374 0.000000 193.462773 -133.662717 0.000000 -64.018367 0.000000 -64.018367 426.341840 177.891811 -62.061034
-2880.488718 -7925.371584 0.000000 224.154515 -75.864595 0.000000 -55.487460 0.000000 -55.487460 390.660740 196.322374 -62.829148
-555.982067 -8365.419243 0.000000 237.725322 -11.444522 0.000000 -47.098564 0.000000 -47.098564 347.062209 213.940583 -61.228810
1811.834853 -8149.054006 0.000000 232.695188 54.524439 0.000000 -38.782185 0.000000 -38.782185 296.268935 228.789637 -57.676852
4036.104162 -7287.982233 0.000000 209.178383 116.584353 0.000000 -30.513036 0.000000 -30.513036 239.270403 240.483066 -52.759182
5939.725395 -5848.016511 0.000000 169.012149 169.477380 0.000000 -22.284791 0.000000 -22.284791 177.312609 249.575127 -46.967042
7372.099550 -3943.920175 0.000000 115.611163 208.770070 0.000000 -14.099401 0.000000 -14.099401 111.830402 256.776753 -40.634262
8223.035366 -1728.478626 0.000000 53.556085 231.357923 0.000000 -5.961258 0.000000 -5.961258 44.343297 262.663713 -33.972692
8431.631698 622.337035 0.000000 -11.975608 235.729233 0.000000 2.126339 0.000000 2.126339 -23.653769 267.649437 -27.115597
7989.319852 2925.491087 0.000000 -75.783450 221.962715 0.000000 10.163206 0.000000 10.163206 -90.774454 272.024897 -20.147437
6937.681906 5005.902870 0.000000 -133.100276 191.526204 0.000000 18.153063 0.000000 18.153063 -155.783088 275.999951 -13.122111
5362.523954 6708.910819 0.000000 -179.883680 146.985146 0.000000 26.103417 0.000000 26.103417 -217.594974 279.734052 -6.074348
3385.785608 7909.778283 0.000000 -212.965323 91.714741 0.000000 34.024802 0.000000 34.024802 -275.246726 283.357857 0.972568
1156.424930 8520.562017 0.000000 -230.117508 29.664213 0.000000 41.929698 0.000000 41.929698 -327.852550 286.989221 8.000942
-1159.210800 8494.905480 0.000000 -230.098455 -34.825680 0.000000 49.831345 0.000000 49.831345 -374.561474 290.746674 14.993624
-3387.542039 7831.144724 0.000000 -212.716818 -97.185141 0.000000 57.742812 0.000000 57.742812 -414.527987 294.763133 21.929134
-5358.702477 6573.683106 0.000000 -178.923028 -152.807820 0.000000 65.677084 0.000000 65.677084 -446.906062 299.202975 28.776633
-6918.421285 4812.087206 0.000000 -130.897074 -197.320565 0.000000 73.651465 0.000000 73.651465 -470.873075 304.288456 35.491950
-7940.504903 2676.993022 0.000000 -72.067532 -226.951645 0.000000 81.721712 0.000000 81.721712 -485.678442 310.364551 42.031149
-8338.824315 331.931700 0.000000 -6.980458 -238.968687 0.000000 91.522834 0.000000 91.522834 -490.054881 319.610224 49.426769
-8076.970714 -2039.221239 0.000000 59.041336 -232.096494 0.000000 -82.926816 0.000000 -82.926816 486.057696 146.111898 -53.213675
-7173.454625 -4248.338445 0.000000 120.439865 -206.785392 0.000000 -74.771150 0.000000 -74.771150 471.144831 157.866500 -57.977706
-5700.863329 -6120.582037 0.000000 172.065459 -165.219568 0.000000 -66.753737 0.000000 -66.753737 446.640000 172.338445 -61.318476
-3778.725405 -7510.571163 0.000000 209.764352 -111.038722 0.000000 -58.784871 0.000000 -58.784871 413.216686 189.098600 -62.821505
-1561.395953 -8314.625201 0.000000 230.768958 -48.852142 0.000000 -50.852342 0.000000 -50.852342 371.797331 206.292832 -62.221452
776.690292 -8477.697556 0.000000 233.833002 16.312119 0.000000 -42.951406 0.000000 -42.951406 323.440720 221.737665 -59.667707
3055.969076 -7995.048973 0.000000 219.149799 79.490844 0.000000 -35.075929 0.000000 -35.075929 269.251083 234.390766 -55.611622
5105.178680 -6909.739238 0.000000 188.147563 136.133205 0.000000 -27.216849 0.000000 -27.216849 210.319057 244.390636 -50.525280
6772.534923 -5307.341539 0.000000 143.256134 182.313670 0.000000 -19.362525 0.000000 -19.362525 147.699237 252.324883 -44.759056
7934.695275 -3309.018370 0.000000 87.704131 214.856437 0.000000 -11.499759 0.000000 -11.499759 82.419592 258.773479 -38.538761
8503.923016 -1063.549198 0.000000 25.360643 231.429969 0.000000 -3.615081 0.000000 -3.615081 15.512880 264.184695 -32.003596
8433.805146 1261.640274 0.000000 -39.402105 230.657884 0.000000 4.303954 0.000000 4.303954 -51.941848 268.882555 -25.240081
7723.509496 3490.729494 0.000000 -101.872615 212.264281 0.000000 12.267623 0.000000 12.267623 -118.780706 273.101323 -18.304708
6420.044281 5451.314719 0.000000 -157.244053 177.233686 0.000000 20.283282 0.000000 20.283282 -183.733565 277.016659 -11.237900
4617.513769 6987.657152 0.000000 -200.974068 127.925346 0.000000 28.355339 0.000000 28.355339 -245.433552 280.769097 -4.072268
2452.213401 7974.483848 0.000000 -229.250162 68.054116 0.000000 36.486488 0.000000 36.486488 -302.466562 284.481950 3.163027
92.832549 8329.582808 0.000000 -239.484587 2.458534 0.000000 44.681075 0.000000 44.681075 -353.458329 288.277085 10.441093
-2273.908240 8022.893585 0.000000 -230.708614 -63.364153 0.000000 52.952622 0.000000 52.952622 -397.180167 292.293075 17.739792
-4460.494998 7080.048667 0.000000 -203.735335 -123.882853 0.000000 61.341785 0.000000 61.341785 -432.639128 296.715007 25.051534
-6296.032209 5579.471291 0.000000 -161.030300 -174.168581 0.000000 69.970931 0.000000 69.970931 -459.103280 301.847615 32.417905
-7641.051310 3643.723149 0.000000 -106.336326 -210.386599 0.000000 79.293016 0.000000 79.293016 -475.899119 308.415684 40.097188
-8397.845457 1427.052003 0.000000 -44.177968 -230.057898 0.000000 92.721929 0.000000 92.721929 -478.629239 320.925573 50.274481
-8515.825776 -898.521374 0.000000 20.618968 -232.098260 0.000000 -101.684771 0.000000 -101.684771 471.883675 127.662398 -39.309655
-7992.535324 -3156.692951 0.000000 83.306738 -216.709851 0.000000 -83.897999 0.000000 -83.897999 473.471212 144.894923 -52.577866
-6871.480474 -5178.925805 0.000000 139.474721 -185.215647 0.000000 -74.271407 0.000000 -74.271407 455.394462 158.682747 -58.230171
-5237.855703 -6814.850710 0.000000 185.219589 -139.902877 0.000000 -65.594486 0.000000 -65.594486 428.592031 174.659129 -61.660554
-3212.791760 -7941.271693 0.000000 217.279688 -83.901453 0.000000 -57.203019 0.000000 -57.203019 393.818674 192.563406 -62.871354
-946.224981 -8470.090454 0.000000 233.183394 -21.084297 0.000000 -48.919811 0.000000 -48.919811 351.586655 210.291790 -61.763569
1391.916443 -8355.174270 0.000000 231.439400 44.053225 0.000000 -40.676303 0.000000 -40.676303 302.473358 225.685795 -58.628930
3622.623412 -7597.674568 0.000000 211.760973 106.592357 0.000000 -32.442044 0.000000 -32.442044 247.208624 238.009815 -54.002317
5570.930605 -6248.745894 0.000000 175.272091 161.517749 0.000000 -24.204869 0.000000 -24.204869 186.730119 247.643489 -48.379632
7080.646904 -4408.293484 0.000000 124.605541 204.181504 0.000000 -15.963446 0.000000 -15.963446 122.208195 255.266964 -42.114581
8029.115404 -2218.603530 0.000000 63.796867 230.846723 0.000000 -7.723265 0.000000 -7.723265 55.026656 261.474690 -35.438754
8339.653412 147.359940 0.000000 -2.074923 239.186099 0.000000 0.506482 0.000000 0.506482 -13.285381 266.705219 -28.503583
7989.270820 2501.804249 0.000000 -67.456674 228.590516 0.000000 8.715797 0.000000 8.715797 -81.157432 271.269826 -21.411022
7010.172716 4659.670241 0.000000 -126.967969 200.195647 0.000000 16.896476 0.000000 16.896476 -147.088800 275.393012 -14.231726
5485.085603 6455.053257 0.000000 -175.964775 156.638018 0.000000 25.044178 0.000000 25.044178 -209.735535 279.244686 -7.015425
3537.862316 7754.235944 0.000000 -210.908690 101.643069 0.000000 33.159839 0.000000 33.159839 -267.953617 282.963399 0.202773
1321.492218 8464.317673 0.000000 -229.520460 39.577114 0.000000 41.250625 0.000000 41.250625 -320.796760 286.673911 7.398028
-994.546374 8537.618221 0.000000 -230.770771 -24.938194 0.000000 49.331091 0.000000 49.331091 -367.481128 290.502701 14.552487
-3236.370124 7972.720903 0.000000 -214.790348 -87.311222 0.000000 57.426213 0.000000 57.426213 -407.334101 294.595693 21.653339
-5236.775142 6813.113971 0.000000 -182.769150 -143.181225 0.000000 65.581456 0.000000 65.581456 -439.740829 299.146261 28.694952
-6845.425886 5144.062326 0.000000 -136.880864 -188.580120 0.000000 73.901884 0.000000 73.901884 -464.086994 304.461152 35.699289
-7938.421662 3087.841109 0.000000 -80.230499 -220.106209 0.000000 82.772729 0.000000 82.772729 -479.587233 311.244707 42.857478
-8427.315806 797.008762 0.000000 -16.788942 -235.146521 0.000000 96.961430 0.000000 96.961430 -479.917005 325.970035 53.141150
-8267.174190 -1554.823852 0.000000 48.744555 -232.152570 0.000000 -87.686107 0.000000 -87.686107 485.017885 140.472785 -49.987693
-7462.637622 -3785.099294 0.000000 111.212797 -210.928565 0.000000 -77.093400 0.000000 -77.093400 473.340897 154.223898 -56.738864
-6070.468150 -5717.014246 0.000000 165.433827 -172.844558 0.000000 -68.434614 0.000000 -68.434614 451.590462 169.068381 -60.754145
-4197.065866 -7195.519752 0.000000 206.760995 -120.865891 0.000000 -60.127973 0.000000 -60.127973 420.553263 186.172956 -62.712649
-1990.192085 -8102.349856 0.000000 231.657668 -59.322645 0.000000 -51.958052 0.000000 -51.958052 380.896502 203.954899 -62.430522
374.491043 -8367.444377 0.000000 238.134166 6.570350 0.000000 -43.868972 0.000000 -43.868972 333.580341 220.077940 -60.051722
2710.032118 -7974.748811 0.000000 225.928007 71.333406 0.000000 -35.842401 0.000000 -35.842401 279.784656 233.282437 -56.058960
4835.175879 -6961.778607 0.000000 196.403617 129.822874 0.000000 -27.870000 0.000000 -27.870000 220.802581 243.646569 -50.978050
6589.225849 -5413.839192 0.000000 152.246591 177.683448 0.000000 -19.944654 0.000000 -19.944654 157.942579 251.794326 -45.204075
7843.329336 -3454.707059 0.000000 97.074564 211.602838 0.000000 -12.057472 0.000000 -12.057472 92.462203 258.355175 -38.991161
8507.914053 -1235.653769 0.000000 35.070443 229.398180 0.000000 -4.197139 0.000000 -4.197139 25.541319 263.813630 -32.493807
8536.816423 1075.839423 0.000000 -29.308387 230.004221 0.000000 3.649632 0.000000 3.649632 -41.710028 268.516173 -25.804726
7928.900092 3307.057222 0.000000 -91.544877 213.433233 0.000000 11.497112 0.000000 11.497112 -108.220531 272.709987 -18.980130
6727.765870 5290.682838 0.000000 -147.237034 180.751011 0.000000 19.359389 0.000000 19.359389 -172.916635 276.577471 -12.055553
5019.706903 6875.322444 0.000000 -192.282577 134.077591 0.000000 27.249225 0.000000 27.249225 -234.684990 280.261499 -5.055869
2929.576730 7936.058959 0.000000 -223.117473 76.584958 0.000000 35.177233 0.000000 35.177233 -292.351391 283.883716 1.998123
613.912384 8384.736483 0.000000 -237.026114 12.434057 0.000000 43.151771 0.000000 43.151771 -344.688356 287.559061 9.085341
-1749.311849 8179.017516 0.000000 -232.495983 -53.418840 0.000000 51.180479 0.000000 51.180479 -390.459551 291.409768 16.182000
-3974.384038 7328.624639 0.000000 -209.536206 -115.595956 0.000000 59.275746 0.000000 59.275746 -428.499791 295.583252 23.262035
-5884.079207 5896.955826 0.000000 -169.843964 -168.840788 0.000000 67.472458 0.000000 67.472458 -457.813177 300.284713 30.305613
-7326.344531 3996.787141 0.000000 -116.718231 -208.635698 0.000000 75.903615 0.000000 75.903615 -477.643199 305.874849 37.347482
-8188.717935 1780.052238 0.000000 -54.697671 -231.742042 0.000000 85.461969 0.000000 85.461969 -487.172307 313.607727 44.939341
-8408.046356 -576.781221 0.000000 10.996101 -236.522552 0.000000 -97.706095 0.000000 -97.706095 483.866957 130.840843 -42.481853
-7974.276240 -2889.185393 0.000000 75.060677 -222.988352 0.000000 -82.980925 0.000000 -82.980925 478.986492 146.043150 -53.178580
-6928.607328 -4980.289297 0.000000 132.618984 -192.615046 0.000000 -74.284046 0.000000 -74.284046 460.659102 158.661961 -58.223850
-5357.406414 -6694.037210 0.000000 179.555921 -148.034487 0.000000 -66.055626 0.000000 -66.055626 433.737615 173.729886 -61.529207
-3383.607517 -7905.103897 0.000000 212.690686 -92.709618 0.000000 -57.964905 0.000000 -57.964905 398.929467 190.893158 -62.857966
-1156.990574 -8525.771492 0.000000 229.839986 -30.658615 0.000000 -49.925005 0.000000 -49.925005 356.914667 208.226740 -62.016179
1155.908255 -8510.376068 0.000000 229.838879 33.756685 0.000000 -41.897180 0.000000 -41.897180 308.385431 223.596934 -59.201271
3382.103538 -7857.867477 0.000000 212.569428 96.003131 0.000000 -33.858393 0.000000 -33.858393 254.071242 236.099578 -54.881108
5352.887277 -6612.650591 0.000000 179.016173 151.556250 0.000000 -25.793498 0.000000 -25.793498 194.779223 245.963358 -49.522707
6915.185428 -4863.378612 0.000000 131.330486 196.137191 0.000000 -17.693244 0.000000 -17.693244 131.442108 253.801894 -43.469787
7943.392236 -2738.951157 0.000000 72.850347 226.037105 0.000000 -9.553829 0.000000 -9.553829 65.159892 260.192827 -36.949040
8350.865403 -400.855838 0.000000 7.999545 238.517587 0.000000 -1.376603 0.000000 -1.376603 -2.781905 265.575858 -30.108659
8099.514003 1968.611134 0.000000 -58.001259 232.218007 0.000000 6.832698 0.000000 6.832698 -70.933030 270.267616 -23.049770
7205.460953 4181.751852 0.000000 -119.626534 207.451883 0.000000 15.065489 0.000000 15.065489 -137.744877 274.497767 -15.845749
5739.027967 6062.764116 0.000000 -171.670171 166.271916 0.000000 23.312653 0.000000 23.312653 -201.672483 278.440331 -8.552663
3818.402191 7464.256352 0.000000 -209.857365 112.247409 0.000000 31.567518 0.000000 31.567518 -261.285731 282.237231 -1.214348
1597.908910 8280.258539 0.000000 -231.289271 50.002827 0.000000 39.829408 0.000000 39.829408 -315.357479 286.016705 6.135510
-746.916216 8453.958358 0.000000 -234.632067 -15.350053 0.000000 48.108334 0.000000 48.108334 -362.905422 289.910394 13.473187
-3034.880256 7979.850206 0.000000 -220.062730 -78.740274 0.000000 56.433288 0.000000 56.433288 -403.181863 294.074659 20.787315
-5093.271253 6901.223030 0.000000 -189.057925 -135.532546 0.000000 64.873047 0.000000 64.873047 -435.616748 298.728855 28.089138
-6769.540054 5304.470743 0.000000 -144.129719 -181.770554 0.000000 73.607264 0.000000 73.607264 -459.697153 304.258066 35.455326
-7940.404860 3311.582176 0.000000 -88.583154 -214.307024 0.000000 83.290210 0.000000 83.290210 -474.501951 311.686729 43.261812
-8518.779058 1071.645130 0.000000 -26.324247 -230.881052 0.000000 99.990620 0.000000 99.990620 -468.810050 329.990515 55.044080
-8458.989298 -1248.390753 0.000000 38.295035 -230.196267 0.000000 -95.899122 0.000000 -95.899122 476.589089 132.391092 -43.891741
-7760.462035 -3473.868902 0.000000 100.636489 -212.028221 0.000000 -80.689237 0.000000 -80.689237 472.144270 149.055795 -54.628829
-6469.569777 -5433.787950 0.000000 155.992654 -177.353976 0.000000 -71.099728 0.000000 -71.099728 452.892773 164.133246 -59.704095
-4678.834192 -6973.392503 0.000000 199.903306 -128.457364 0.000000 -62.364107 0.000000 -62.364107 424.398476 181.368262 -62.398076
-2522.420494 -7967.376100 0.000000 228.577219 -68.931509 0.000000 -53.910946 0.000000 -53.910946 387.238639 199.756605 -62.702431
-167.083924 -8332.240363 0.000000 239.365498 -3.495612 0.000000 -45.588126 0.000000 -45.588126 342.064655 216.866729 -60.713308
2201.418979 -8035.690761 0.000000 231.172758 62.415257 0.000000 -37.344381 0.000000 -37.344381 289.803909 231.035605 -56.905715
4395.150078 -7100.935195 0.000000 204.671419 123.244129 0.000000 -29.162552 0.000000 -29.162552 231.649078 242.130792 -51.859687
6241.567227 -5604.639735 0.000000 162.231981 173.960014 0.000000 -21.038165 0.000000 -21.038165 168.979967 250.774967 -46.033220
7598.996286 -3668.819055 0.000000 107.583153 210.597787 0.000000 -12.970357 0.000000 -12.970357 103.255755 257.658824 -39.728380
8367.783671 -1448.381636 0.000000 45.311264 230.575622 0.000000 -4.957482 0.000000 -4.957482 35.912233 263.322771 -33.132508
8496.243558 883.264258 0.000000 -19.657468 232.770185 0.000000 3.004884 0.000000 3.004884 -31.709596 268.151724 -26.360201
7981.821133 3148.384276 0.000000 -82.483339 217.412248 0.000000 10.924461 0.000000 10.924461 -98.393023 272.417088 -19.481576
6868.643172 5177.546782 0.000000 -138.708403 185.897804 0.000000 18.811845 0.000000 18.811845 -163.037596 276.315933 -12.539810
5242.705266 6820.287398 0.000000 -184.440867 140.594438 0.000000 26.679538 0.000000 26.679538 -224.626331 279.999485 -5.562307
3225.558941 7953.999393 0.000000 -216.480315 84.683192 0.000000 34.540673 0.000000 34.540673 -282.183073 283.593192 1.431660
966.810935 8491.428921 0.000000 -232.438141 22.034272 0.000000 42.407641 0.000000 42.407641 -334.733880 287.211697 8.425141
-1364.721852 8386.962727 0.000000 -230.889756 -42.918012 0.000000 50.290750 0.000000 50.290750 -381.284679 290.971613 15.398510
-3591.572973 7641.441432 0.000000 -211.562975 -105.354629 0.000000 58.197116 0.000000 58.197116 -420.825715 295.004538 22.324587
-5540.116005 6304.681635 0.000000 -175.525625 -160.357966 0.000000 66.130136 0.000000 66.130136 -452.370007 299.472881 29.163282
-7054.618397 4474.484766 0.000000 -125.295392 -203.328163 0.000000 74.090631 0.000000 74.090631 -475.025684 304.591912 35.855403
-8011.606359 2290.946862 0.000000 -64.777053 -230.494866 0.000000 82.087769 0.000000 82.087769 -488.088969 310.668470 42.319712
-8332.435634 -74.418651 0.000000 1.039355 -239.420700 0.000000 -91.874554 0.000000 -91.874554 491.226949 136.121037 -46.949671
-7991.660214 -2433.956848 0.000000 66.606624 -229.353754 0.000000 -82.086135 0.000000 -82.086135 484.154288 147.194604 -53.753762
-7019.407908 -4601.409876 0.000000 126.466277 -201.314949 0.000000 -74.101774 0.000000 -74.101774 467.327723 158.962444 -58.314674
-5497.377678 -6408.866526 0.000000 175.851194 -157.898573 0.000000 -66.155294 0.000000 -66.155294 441.275842 173.530087 -61.499992
-3549.618804 -7720.588875 0.000000 211.110218 -102.867306 0.000000 -58.235321 0.000000 -58.235321 406.785027 190.300856 -62.848465
-1330.203258 -8442.317846 0.000000 229.904604 -40.675875 0.000000 -50.336783 0.000000 -50.336783 364.761745 207.371241 -62.110659
990.051220 -8525.969619 0.000000 231.212899 23.959132 0.000000 -42.452231 0.000000 -42.452231 316.154633 222.624416 -59.450144
3236.285945 -7970.532664 0.000000 215.226434 86.384704 0.000000 -34.571415 0.000000 -34.571415 261.909753 235.106479 -55.311818
5241.059076 -6820.245340 0.000000 183.215788 142.234286 0.000000 -26.682185 0.000000 -26.682185 202.959936 244.989127 -50.151176
6854.545556 -5160.896462 0.000000 137.417715 187.588851 0.000000 -18.771779 0.000000 -18.771779 140.242408 252.854982 -44.304978
7953.765917 -3114.603157 0.000000 80.952424 219.128934 0.000000 -10.828206 0.000000 -10.828206 74.735167 259.270228 -37.992071
8451.043857 -832.925267 0.000000 17.745149 234.320703 0.000000 -2.841538 0.000000 -2.841538 7.500520 264.671736 -31.350467
8301.490967 1512.133039 0.000000 -47.600067 231.652036 0.000000 5.195042 0.000000 5.195042 -60.277834 269.376080 -24.469687
7508.735149 3739.647482 0.000000 -110.034881 210.893476 0.000000 13.284682 0.000000 13.284682 -127.279457 273.613242 -17.411960
6127.575085 5673.750895 0.000000 -164.450238 173.312481 0.000000 21.427098 0.000000 21.427098 -192.067670 277.556971 -10.224733
4262.078414 7159.096217 0.000000 -206.195774 121.738618 0.000000 29.619948 0.000000 29.619948 -253.152670 281.347928 -2.947342
2058.143580 8075.833417 0.000000 -231.646998 60.390515 0.000000 37.861806 0.000000 37.861806 -309.089631 285.111829 4.386337
-309.258737 8351.544291 0.000000 -238.676477 -5.554409 0.000000 46.157507 0.000000 46.157507 -358.587484 288.976239 11.748442
-2652.485850 7967.888913 0.000000 -226.893174 -70.566000 0.000000 54.528252 0.000000 54.528252 -400.594358 293.091382 19.121477
-4788.577711 6960.936646 0.000000 -197.593681 -129.390785 0.000000 63.034984 0.000000 63.034984 -434.326996 297.667309 26.511559
-6554.851880 5415.726600 0.000000 -153.474984 -177.556471 0.000000 71.852070 0.000000 71.852070 -459.201747 303.073083 33.995086
-7820.916229 3456.767916 0.000000 -98.227151 -211.674235 0.000000 81.622181 0.000000 81.622181 -474.398025 310.282392 41.952550
-8496.525112 1236.518469 0.000000 -36.126453 -229.548418 0.000000 97.670022 0.000000 97.670022 -470.679206 326.877717 53.598118
-8535.701249 -1076.533333 0.000000 28.297375 -230.159397 0.000000 -100.817538 0.000000 -100.817538 470.108334 128.329647 -40.008391
-7937.985799 -3309.307788 0.000000 90.504542 -213.596695 0.000000 -83.244335 0.000000 -83.244335 471.446584 145.710083 -53.007176
-6747.594811 -5294.902385 0.000000 146.127661 -180.998304 0.000000 -73.360990 0.000000 -73.360990 453.282543 160.199529 -58.676445
-5050.854933 -6882.886676 0.000000 191.142091 -134.516944 0.000000 -64.525935 0.000000 -64.525935 426.141621 176.841624 -61.940366
-2971.791981 -7949.340741 0.000000 222.071838 -77.296869 0.000000 -56.018284 0.000000 -56.018284 390.760763 195.160611 -62.852902
-665.355823 -8406.524326 0.000000 236.258216 -13.413092 0.000000 -47.643022 0.000000 -47.643022 347.637746 212.863041 -61.398847
1692.327141 -8211.476961 0.000000 232.179692 52.292920 0.000000 -39.328393 0.000000 -39.328393 297.413377 227.911609 -57.959086
3916.917858 -7372.206875 0.000000 209.760677 114.537968 0.000000 -31.046438 0.000000 -31.046438 240.962018 239.813552 -53.108002
5831.433759 -5949.760013 0.000000 170.564327 168.092127 0.000000 -22.789139 0.000000 -22.789139 179.416235 249.077807 -47.341201
7282.700582 -4054.733984 0.000000 117.761159 208.376649 0.000000 -14.558512 0.000000 -14.558512 114.136607 256.411228 -41.000679
8156.119921 -1837.854789 0.000000 55.822931 232.027054 0.000000 -6.361008 0.000000 -6.361008 46.631645 262.397626 -34.306305
8386.167359 524.257867 0.000000 -10.008101 237.270258 0.000000 1.796340 0.000000 1.796340 -21.551309 267.459022 -27.398876
7961.008140 2845.757990 0.000000 -74.338156 224.027722 0.000000 9.908607 0.000000 9.908607 -88.932365 271.892989 -20.369938
6921.139246 4947.927094 0.000000 -132.174742 193.760577 0.000000 17.974618 0.000000 17.974618 -154.174174 275.914106 -13.279774
5353.285597 6673.075975 0.000000 -179.313245 149.154010 0.000000 25.997604 0.000000 25.997604 -216.112664 279.685248 -6.168378
3381.363742 7894.984012 0.000000 -212.540478 93.758398 0.000000 33.985100 0.000000 33.985100 -273.747002 283.339748 0.937234
1156.146328 8525.907610 0.000000 -229.701969 31.671727 0.000000 41.948400 0.000000 41.948400 -326.202848 286.997917 8.017543
-1155.357948 8520.770402 0.000000 -229.703196 -32.705640 0.000000 49.902018 0.000000 49.902018 -372.685552 290.781222 15.055925
-3380.465017 7879.214025 0.000000 -212.504334 -94.859076 0.000000 57.863938 0.000000 57.863938 -412.437916 294.827364 22.034604
-5351.432316 6645.881238 0.000000 -179.138853 -150.333468 0.000000 65.858912 0.000000 65.858912 -444.713404 299.311057 28.931875
-6916.371698 4908.821481 0.000000 -131.750041 -194.942890 0.000000 73.934810 0.000000 73.934810 -468.769806 304.483926 35.726533
-7950.456429 2795.453107 0.000000 -73.603652 -225.053665 0.000000 82.268130 0.000000 82.268130 -483.854713 310.819241 42.461593
-8366.856496 465.294877 0.000000 -9.008295 -237.944012 0.000000 94.529003 0.000000 94.529003 -486.567144 322.997811 51.522633
-8126.112653 -1901.100989 0.000000 56.927268 -232.191026 0.000000 -83.878598 0.000000 -83.878598 486.058552 144.918886 -52.590688
-7242.101227 -4116.812207 0.000000 118.733407 -207.982701 0.000000 -75.197527 0.000000 -75.197527 471.964580 157.179206 -57.758226
-5782.763695 -6005.438634 0.000000 171.172833 -167.232664 0.000000 -67.015533 0.000000 -67.015533 448.216227 171.821554 -61.235815
-3864.628370 -7417.785749 0.000000 209.863077 -113.417264 0.000000 -58.952827 0.000000 -58.952827 415.356708 188.731645 -62.811222
-1641.630604 -8245.551941 0.000000 231.769048 -51.151091 0.000000 -50.952806 0.000000 -50.952806 374.246240 206.081783 -62.242064
709.825251 -8429.908612 0.000000 235.450220 14.385347 0.000000 -43.000458 0.000000 -43.000458 325.955012 221.649909 -59.688761
3006.930717 -7964.260077 0.000000 221.044485 78.012823 0.000000 -35.088265 0.000000 -35.088265 271.655668 234.373129 -55.618901
5075.334630 -6891.875280 0.000000 190.060622 134.998155 0.000000 -27.208348 0.000000 -27.208348 212.536170 244.400227 -50.519355
6761.426740 -5299.889630 0.000000 145.088229 181.335000 0.000000 -19.350533 0.000000 -19.350533 149.747573 252.335726 -44.749863
7941.703283 -3311.228765 0.000000 89.515837 213.887052 0.000000 -11.502412 0.000000 -11.502412 84.389183 258.771501 -38.540916
8529.561812 -1075.541757 0.000000 27.301938 230.453872 0.000000 -3.650190 0.000000 -3.650190 17.524245 264.162425 -32.033196
8480.079223 1240.394966 0.000000 -37.202998 229.819611 0.000000 4.220137 0.000000 4.220137 -49.785126 268.835814 -25.312462
7793.128514 3462.848051 0.000000 -99.418479 211.822996 0.000000 12.121568 0.000000 12.121568 -116.436424 273.027381 -18.432800
6514.746848 5422.139835 0.000000 -154.730505 177.453478 0.000000 20.065048 0.000000 20.065048 -181.251932 276.913150 -11.431098
4736.164810 6964.630405 0.000000 -198.769008 128.940242 0.000000 28.058861 0.000000 28.058861 -242.964370 280.633176 -4.335943
2589.561065 7965.283380 0.000000 -227.784752 69.766578 0.000000 36.108914 0.000000 36.108914 -300.235515 284.309310 2.827112
239.662884 8339.657882 0.000000 -239.092515 4.527771 0.000000 44.220696 0.000000 44.220696 -351.714397 288.060311 10.033120
-2129.046058 8053.438738 0.000000 -231.486299 -61.423843 0.000000 52.404595 0.000000 52.404595 -396.129235 292.018340 17.258461
-4328.586188 7127.376782 0.000000 -205.495772 -122.531723 0.000000 60.689507 0.000000 60.689507 -432.390080 296.354248 24.487471
-6185.039367 5636.116910 0.000000 -163.377201 -173.680691 0.000000 69.164467 0.000000 69.164467 -459.659630 301.335405 31.738180
-7554.562099 3700.768016 0.000000 -108.819750 -210.775720 0.000000 78.165778 0.000000 78.165778 -477.278205 307.548762 39.188860
-8335.360346 1476.620341 0.000000 -46.452853 -231.116785 0.000000 90.207991 0.000000 90.207991 -482.644680 318.219612 48.480698
-8474.339395 -861.612590 0.000000 18.701266 -233.519284 0.000000 -99.510020 0.000000 -99.510020 477.334350 129.361844 -41.054427
-7968.562907 -3134.636447 0.000000 81.701510 -218.223838 0.000000 -83.422596 0.000000 -83.422596 474.957621 145.486182 -52.890654
-6862.635541 -5171.853954 0.000000 138.024988 -186.690642 0.000000 -74.160238 0.000000 -74.160238 456.426821 158.865895 -58.285619
-5243.398587 -6822.405489 0.000000 183.772805 -141.370584 0.000000 -65.656992 0.000000 -65.656992 429.336192 174.532712 -61.643121
-3233.033638 -7964.055241 0.000000 215.792381 -85.508691 0.000000 -57.380905 0.000000 -57.380905 394.395136 192.173316 -62.869996
-981.115545 -8510.336446 0.000000 231.774407 -22.990902 0.000000 -49.188586 0.000000 -49.188586 352.160649 209.742988 -61.834137
1344.373294 -8416.285362 0.000000 230.369014 41.791636 0.000000 -41.021855 0.000000 -41.021855 303.228491 225.101598 -58.794326
3567.366355 -7682.708319 0.000000 211.336743 104.109397 0.000000 -32.852298 0.000000 -32.852298 248.299186 237.464913 -54.259947
5515.642339 -6358.398405 0.000000 175.711458 159.145827 0.000000 -24.666226 0.000000 -24.666226 188.233839 247.163457 -48.714093
7034.194373 -4539.259951 0.000000 125.911938 202.366870 0.000000 -16.459462 0.000000 -16.459462 124.096225 254.853383 -42.505081
7999.089948 -2363.181045 0.000000 65.713043 229.994051 0.000000 -8.234795 0.000000 -8.234795 57.164623 261.121436 -35.862153
8329.999507 0.031827 0.000000 -0.000887 239.500004 0.000000 0.000109 0.000000 0.000109 -11.100910 266.404995 -28.936124
